 t= 30 n= 499 e= 499 Q4 
1 0 1 1 1 1
1 1 1 0.000490218 8.99349e-05 6.05885e-08
2 0 1 1 1 1
1 1 1 1.80827 1.80811 6.05885e-08
3 0 1 1 1 1
1 1 1 1.80827 8.99774e-05 1.80802
4 0 1 1 1 1
1 1 1 0.000577918 1.80808 1.80799
5 0 1 1 1 1
1 1 1 3.61573 8.99863e-05 6.05885e-08
6 0 1 1 1 1
1 1 1 5.423 1.80828 6.05885e-08
7 0 1 1 1 1
1 1 1 5.423 9.02303e-05 1.80819
8 0 1 1 1 1
1 1 1 3.61582 1.8084 1.80831
9 0 1 1 1 1
1 1 1 7.23009 9.03244e-05 6.05885e-08
10 0 1 1 1 1
1 1 1 9.03718 1.80828 6.05885e-08
11 0 1 1 1 1
1 1 1 9.03718 9.03459e-05 1.80819
12 0 1 1 1 1
1 1 1 7.23009 1.80894 1.80885
13 0 1 1 1 1
1 1 1 10.8445 9.01247e-05 6.05885e-08
14 0 1 1 1 1
1 1 1 12.6519 1.80811 6.05885e-08
15 0 1 1 1 1
1 1 1 12.6519 9.00353e-05 1.80802
16 0 1 1 1 1
1 1 1 10.8444 1.8084 1.80831
17 0 1 1 1 1
1 1 1 14.4597 8.98222e-05 6.05885e-08
18 0 1 1 1 1
1 1 1 16.2676 1.80799 6.05885e-08
19 0 1 1 1 1
1 1 1 16.2676 8.98268e-05 1.8079
20 0 1 1 1 1
1 1 1 14.4596 1.80808 1.80799
21 0 1 1 1 1
1 1 1 0.000605382 3.61577 6.05885e-08
22 0 1 1 1 1
1 1 1 1.80836 5.42323 6.05885e-08
23 0 1 1 1 1
1 1 1 1.80855 3.61605 1.80841
24 0 1 1 1 1
1 1 1 0.000904448 5.42332 1.80831
25 0 1 1 1 1
1 1 1 3.61573 3.61586 6.05885e-08
26 0 1 1 1 1
1 1 1 5.42252 5.4225 6.05885e-08
27 0 1 1 1 1
1 1 1 5.42311 3.61639 1.80906
28 0 1 1 1 1
1 1 1 3.61603 5.42353 1.80904
29 0 1 1 1 1
1 1 1 7.23009 3.61531 6.05885e-08
30 0 1 1 1 1
1 1 1 9.03766 5.4225 6.05885e-08
31 0 1 1 1 1
1 1 1 9.03707 3.61639 1.80906
32 0 1 1 1 1
1 1 1 7.23009 5.42271 1.80754
33 0 1 1 1 1
1 1 1 10.8444 3.61586 6.05885e-08
34 0 1 1 1 1
1 1 1 12.6518 5.42323 6.05885e-08
35 0 1 1 1 1
1 1 1 12.6516 3.61605 1.80841
36 0 1 1 1 1
1 1 1 10.8442 5.42353 1.80904
37 0 1 1 1 1
1 1 1 14.4596 3.61577 6.05885e-08
38 0 1 1 1 1
1 1 1 16.2676 5.42323 6.05885e-08
39 0 1 1 1 1
1 1 1 16.2676 3.61577 1.80802
40 0 1 1 1 1
1 1 1 14.4593 5.42332 1.80831
41 0 1 1 1 1
1 1 1 0.000778154 7.2305 6.05885e-08
42 0 1 1 1 1
1 1 1 1.80781 9.03759 6.05885e-08
43 0 1 1 1 1
1 1 1 1.80889 7.23061 1.80906
44 0 1 1 1 1
1 1 1 0.00144173 9.03759 1.80885
45 0 1 1 1 1
1 1 1 3.615 7.23002 6.05885e-08
46 0 1 1 1 1
1 1 1 5.42246 9.03759 6.05885e-08
47 0 1 1 1 1
1 1 1 5.42249 7.22999 1.8071
48 0 1 1 1 1
1 1 1 3.61521 9.03759 1.80754
49 0 1 1 1 1
1 1 1 7.23009 7.22996 6.05885e-08
50 0 1 1 1 1
1 1 1 9.03772 9.03759 6.05885e-08
51 0 1 1 1 1
1 1 1 9.03769 7.22999 1.8071
52 0 1 1 1 1
1 1 1 7.23009 9.03759 1.80708
53 0 1 1 1 1
1 1 1 10.8452 7.23002 6.05885e-08
54 0 1 1 1 1
1 1 1 12.6524 9.03759 6.05885e-08
55 0 1 1 1 1
1 1 1 12.6513 7.23061 1.80906
56 0 1 1 1 1
1 1 1 10.845 9.03759 1.80754
57 0 1 1 1 1
1 1 1 14.4594 7.23051 6.05885e-08
58 0 1 1 1 1
1 1 1 16.2676 9.03759 6.05885e-08
59 0 1 1 1 1
1 1 1 16.2676 7.2305 1.80819
60 0 1 1 1 1
1 1 1 14.4587 9.03759 1.80885
61 0 1 1 1 1
1 1 1 0.000778468 10.8447 6.05885e-08
62 0 1 1 1 1
1 1 1 1.80836 12.6519 6.05885e-08
63 0 1 1 1 1
1 1 1 1.80889 10.8446 1.80906
64 0 1 1 1 1
1 1 1 0.00090487 12.6519 1.80831
65 0 1 1 1 1
1 1 1 3.615 10.8452 6.05885e-08
66 0 1 1 1 1
1 1 1 5.42252 12.6527 6.05885e-08
67 0 1 1 1 1
1 1 1 5.42249 10.8452 1.8071
68 0 1 1 1 1
1 1 1 3.61603 12.6517 1.80904
69 0 1 1 1 1
1 1 1 7.23009 10.8452 6.05885e-08
70 0 1 1 1 1
1 1 1 9.03766 12.6527 6.05885e-08
71 0 1 1 1 1
1 1 1 9.03769 10.8452 1.8071
72 0 1 1 1 1
1 1 1 7.23009 12.6525 1.80754
73 0 1 1 1 1
1 1 1 10.8452 10.8452 6.05885e-08
74 0 1 1 1 1
1 1 1 12.6518 12.6519 6.05885e-08
75 0 1 1 1 1
1 1 1 12.6513 10.8446 1.80906
76 0 1 1 1 1
1 1 1 10.8442 12.6517 1.80904
77 0 1 1 1 1
1 1 1 14.4594 10.8447 6.05885e-08
78 0 1 1 1 1
1 1 1 16.2676 12.652 6.05885e-08
79 0 1 1 1 1
1 1 1 16.2676 10.8447 1.80819
80 0 1 1 1 1
1 1 1 14.4593 12.6519 1.80831
81 0 1 1 1 1
1 1 1 0.000605651 14.4594 6.05885e-08
82 0 1 1 1 1
1 1 1 1.80827 16.2671 6.05885e-08
83 0 1 1 1 1
1 1 1 1.80855 14.4591 1.80841
84 0 1 1 1 1
1 1 1 0.000578029 16.2671 1.80799
85 0 1 1 1 1
1 1 1 3.61573 14.4593 6.05885e-08
86 0 1 1 1 1
1 1 1 5.42301 16.2669 6.05885e-08
87 0 1 1 1 1
1 1 1 5.42311 14.4588 1.80906
88 0 1 1 1 1
1 1 1 3.61582 16.2668 1.80831
89 0 1 1 1 1
1 1 1 7.23009 14.4599 6.05885e-08
90 0 1 1 1 1
1 1 1 9.03718 16.2669 6.05885e-08
91 0 1 1 1 1
1 1 1 9.03707 14.4588 1.80906
92 0 1 1 1 1
1 1 1 7.23009 16.2662 1.80885
93 0 1 1 1 1
1 1 1 10.8444 14.4593 6.05885e-08
94 0 1 1 1 1
1 1 1 12.6519 16.2671 6.05885e-08
95 0 1 1 1 1
1 1 1 12.6516 14.4591 1.80841
96 0 1 1 1 1
1 1 1 10.8444 16.2668 1.80831
97 0 1 1 1 1
1 1 1 14.4596 14.4594 6.05885e-08
98 0 1 1 1 1
1 1 1 16.2676 16.2672 6.05885e-08
99 0 1 1 1 1
1 1 1 16.2676 14.4594 1.80802
100 0 1 1 1 1
1 1 1 14.4596 16.2671 1.80799
101 0 1 1 1 1
1 1 1 0.00060537 8.99566e-05 3.61568
102 0 1 1 1 1
1 1 1 1.80855 1.8085 3.61596
103 0 1 1 1 1
1 1 1 1.80836 9.02103e-05 5.42314
104 0 1 1 1 1
1 1 1 0.000904277 1.8084 5.42323
105 0 1 1 1 1
1 1 1 3.61573 9.02539e-05 3.61577
106 0 1 1 1 1
1 1 1 5.42311 1.80915 3.6163
107 0 1 1 1 1
1 1 1 5.42252 9.05971e-05 5.42241
108 0 1 1 1 1
1 1 1 3.61603 1.80913 5.42344
109 0 1 1 1 1
1 1 1 7.23009 9.05247e-05 3.61522
110 0 1 1 1 1
1 1 1 9.03707 1.80915 3.6163
111 0 1 1 1 1
1 1 1 9.03766 9.0659e-05 5.42241
112 0 1 1 1 1
1 1 1 7.23009 1.80763 5.42262
113 0 1 1 1 1
1 1 1 10.8444 9.03648e-05 3.61577
114 0 1 1 1 1
1 1 1 12.6516 1.8085 3.61596
115 0 1 1 1 1
1 1 1 12.6518 9.03132e-05 5.42314
116 0 1 1 1 1
1 1 1 10.8442 1.80913 5.42344
117 0 1 1 1 1
1 1 1 14.4596 8.99957e-05 3.61568
118 0 1 1 1 1
1 1 1 16.2676 1.80811 3.61568
119 0 1 1 1 1
1 1 1 16.2676 8.99934e-05 5.42314
120 0 1 1 1 1
1 1 1 14.4593 1.8084 5.42323
121 0 1 1 1 1
1 1 1 0.00100296 3.61605 3.61596
122 0 1 1 1 1
1 1 1 1.80971 5.4241 3.61712
123 0 1 1 1 1
1 1 1 1.80971 3.61721 5.42401
124 0 1 1 1 1
1 1 1 0.0016291 5.42353 5.42344
125 0 1 1 1 1
1 1 1 3.6166 3.61721 3.61712
126 0 1 1 1 1
1 1 1 5.42423 5.42547 3.61845
127 0 1 1 1 1
1 1 1 5.42423 3.61854 5.42538
128 0 1 1 1 1
1 1 1 3.6191 5.4266 5.42651
129 0 1 1 1 1
1 1 1 7.23009 3.61888 3.61879
130 0 1 1 1 1
1 1 1 9.03595 5.42547 3.61845
131 0 1 1 1 1
1 1 1 9.03595 3.61854 5.42538
132 0 1 1 1 1
1 1 1 7.23009 5.43203 5.43194
133 0 1 1 1 1
1 1 1 10.8436 3.61721 3.61712
134 0 1 1 1 1
1 1 1 12.6505 5.4241 3.61712
135 0 1 1 1 1
1 1 1 12.6505 3.61721 5.42401
136 0 1 1 1 1
1 1 1 10.8411 5.4266 5.42651
137 0 1 1 1 1
1 1 1 14.4592 3.61605 3.61596
138 0 1 1 1 1
1 1 1 16.2676 5.42323 3.61577
139 0 1 1 1 1
1 1 1 16.2676 3.61586 5.42314
140 0 1 1 1 1
1 1 1 14.4586 5.42353 5.42344
141 0 1 1 1 1
1 1 1 0.00164663 7.23061 3.6163
142 0 1 1 1 1
1 1 1 1.81138 9.03759 3.61879
143 0 1 1 1 1
1 1 1 1.81104 7.23173 5.42538
144 0 1 1 1 1
1 1 1 0.000130744 9.03759 5.42262
145 0 1 1 1 1
1 1 1 3.61797 7.23173 3.61845
146 0 1 1 1 1
1 1 1 5.42235 9.03759 3.61375
147 0 1 1 1 1
1 1 1 5.42807 7.23557 5.42974
148 0 1 1 1 1
1 1 1 3.62453 9.03759 5.43194
149 0 1 1 1 1
1 1 1 7.23009 7.22985 3.61375
150 0 1 1 1 1
1 1 1 9.03783 9.03759 3.61375
151 0 1 1 1 1
1 1 1 9.03211 7.23558 5.42974
152 0 1 1 1 1
1 1 1 7.23009 9.03759 5.41285
153 0 1 1 1 1
1 1 1 10.8422 7.23173 3.61845
154 0 1 1 1 1
1 1 1 12.6488 9.03759 3.61879
155 0 1 1 1 1
1 1 1 12.6491 7.23173 5.42538
156 0 1 1 1 1
1 1 1 10.8356 9.03759 5.43194
157 0 1 1 1 1
1 1 1 14.4585 7.23061 3.6163
158 0 1 1 1 1
1 1 1 16.2676 9.03759 3.61522
159 0 1 1 1 1
1 1 1 16.2676 7.23002 5.42241
160 0 1 1 1 1
1 1 1 14.4601 9.03759 5.42262
161 0 1 1 1 1
1 1 1 0.00164691 10.8446 3.6163
162 0 1 1 1 1
1 1 1 1.80971 12.6511 3.61712
163 0 1 1 1 1
1 1 1 1.81104 10.8434 5.42538
164 0 1 1 1 1
1 1 1 0.00162951 12.6517 5.42344
165 0 1 1 1 1
1 1 1 3.61797 10.8434 3.61845
166 0 1 1 1 1
1 1 1 5.42423 12.6497 3.61845
167 0 1 1 1 1
1 1 1 5.42808 10.8396 5.42974
168 0 1 1 1 1
1 1 1 3.6191 12.6486 5.42651
169 0 1 1 1 1
1 1 1 7.23009 10.8453 3.61375
170 0 1 1 1 1
1 1 1 9.03595 12.6497 3.61845
171 0 1 1 1 1
1 1 1 9.0321 10.8396 5.42974
172 0 1 1 1 1
1 1 1 7.23009 12.6431 5.43194
173 0 1 1 1 1
1 1 1 10.8422 10.8434 3.61845
174 0 1 1 1 1
1 1 1 12.6505 12.6511 3.61712
175 0 1 1 1 1
1 1 1 12.6491 10.8434 5.42538
176 0 1 1 1 1
1 1 1 10.8411 12.6486 5.42651
177 0 1 1 1 1
1 1 1 14.4585 10.8446 3.6163
178 0 1 1 1 1
1 1 1 16.2676 12.6519 3.61577
179 0 1 1 1 1
1 1 1 16.2676 10.8452 5.42241
180 0 1 1 1 1
1 1 1 14.4586 12.6517 5.42344
181 0 1 1 1 1
1 1 1 0.00100339 14.4591 3.61596
182 0 1 1 1 1
1 1 1 1.80855 16.2667 3.61596
183 0 1 1 1 1
1 1 1 1.80971 14.458 5.42401
184 0 1 1 1 1
1 1 1 0.000904613 16.2668 5.42323
185 0 1 1 1 1
1 1 1 3.6166 14.458 3.61712
186 0 1 1 1 1
1 1 1 5.42311 16.266 3.6163
187 0 1 1 1 1
1 1 1 5.42423 14.4566 5.42538
188 0 1 1 1 1
1 1 1 3.61603 16.2661 5.42344
189 0 1 1 1 1
1 1 1 7.23009 14.4563 3.61879
190 0 1 1 1 1
1 1 1 9.03707 16.266 3.6163
191 0 1 1 1 1
1 1 1 9.03595 14.4566 5.42538
192 0 1 1 1 1
1 1 1 7.23009 16.2676 5.42262
193 0 1 1 1 1
1 1 1 10.8436 14.458 3.61712
194 0 1 1 1 1
1 1 1 12.6516 16.2667 3.61596
195 0 1 1 1 1
1 1 1 12.6505 14.458 5.42401
196 0 1 1 1 1
1 1 1 10.8442 16.2661 5.42344
197 0 1 1 1 1
1 1 1 14.4592 14.4591 3.61596
198 0 1 1 1 1
1 1 1 16.2676 16.2671 3.61568
199 0 1 1 1 1
1 1 1 16.2676 14.4593 5.42314
200 0 1 1 1 1
1 1 1 14.4593 16.2668 5.42323
201 0 1 1 1 1
1 1 1 0.000778004 9.01744e-05 7.23041
202 0 1 1 1 1
1 1 1 1.80889 1.80915 7.23052
203 0 1 1 1 1
1 1 1 1.80781 9.03928e-05 9.0375
204 0 1 1 1 1
1 1 1 0.00144127 1.80894 9.0375
205 0 1 1 1 1
1 1 1 3.615 9.05402e-05 7.22993
206 0 1 1 1 1
1 1 1 5.42249 1.80719 7.2299
207 0 1 1 1 1
1 1 1 5.42246 9.08398e-05 9.0375
208 0 1 1 1 1
1 1 1 3.61521 1.80763 9.0375
209 0 1 1 1 1
1 1 1 7.23009 9.08496e-05 7.22987
210 0 1 1 1 1
1 1 1 9.03769 1.80719 7.2299
211 0 1 1 1 1
1 1 1 9.03772 9.08978e-05 9.0375
212 0 1 1 1 1
1 1 1 7.23009 1.80717 9.0375
213 0 1 1 1 1
1 1 1 10.8452 9.06308e-05 7.22993
214 0 1 1 1 1
1 1 1 12.6513 1.80915 7.23052
215 0 1 1 1 1
1 1 1 12.6524 9.05258e-05 9.0375
216 0 1 1 1 1
1 1 1 10.845 1.80763 9.0375
217 0 1 1 1 1
1 1 1 14.4594 9.02451e-05 7.23041
218 0 1 1 1 1
1 1 1 16.2676 1.80828 7.23041
219 0 1 1 1 1
1 1 1 16.2676 9.02177e-05 9.0375
220 0 1 1 1 1
1 1 1 14.4587 1.80894 9.0375
221 0 1 1 1 1
1 1 1 0.00164637 3.61639 7.23052
222 0 1 1 1 1
1 1 1 1.81104 5.42547 7.23164
223 0 1 1 1 1
1 1 1 1.81138 3.61888 9.0375
224 0 1 1 1 1
1 1 1 0.000130424 5.42271 9.0375
225 0 1 1 1 1
1 1 1 3.61797 3.61854 7.23164
226 0 1 1 1 1
1 1 1 5.42807 5.42983 7.23549
227 0 1 1 1 1
1 1 1 5.42235 3.61384 9.0375
228 0 1 1 1 1
1 1 1 3.62453 5.43203 9.0375
229 0 1 1 1 1
1 1 1 7.23009 3.61384 7.22976
230 0 1 1 1 1
1 1 1 9.03211 5.42983 7.23549
231 0 1 1 1 1
1 1 1 9.03783 3.61384 9.0375
232 0 1 1 1 1
1 1 1 7.23009 5.41294 9.0375
233 0 1 1 1 1
1 1 1 10.8422 3.61854 7.23164
234 0 1 1 1 1
1 1 1 12.6491 5.42547 7.23164
235 0 1 1 1 1
1 1 1 12.6488 3.61888 9.0375
236 0 1 1 1 1
1 1 1 10.8356 5.43203 9.0375
237 0 1 1 1 1
1 1 1 14.4585 3.61639 7.23052
238 0 1 1 1 1
1 1 1 16.2676 5.4225 7.22993
239 0 1 1 1 1
1 1 1 16.2676 3.61531 9.0375
240 0 1 1 1 1
1 1 1 14.4601 5.42271 9.0375
241 0 1 1 1 1
1 1 1 -0.000305854 7.22999 7.2299
242 0 1 1 1 1
1 1 1 1.80634 9.03759 7.22976
243 0 1 1 1 1
1 1 1 1.80634 7.22985 9.0375
244 0 1 1 1 1
1 1 1 -0.000325378 9.03759 9.0375
245 0 1 1 1 1
1 1 1 3.62233 7.23557 7.23549
246 0 1 1 1 1
1 1 1 5.44413 9.03759 7.25154
247 0 1 1 1 1
1 1 1 5.44413 7.25163 9.0375
248 0 1 1 1 1
1 1 1 3.60544 9.03759 9.0375
249 0 1 1 1 1
1 1 1 7.23009 7.25163 7.25154
250 0 1 1 1 1
1 1 1 9.01605 9.03759 7.25154
251 0 1 1 1 1
1 1 1 9.01605 7.25163 9.0375
252 0 1 1 1 1
1 1 1 14.4596 16.2671 16.267
253 0 1 1 1 1
1 1 1 10.8379 7.23558 7.23549
254 0 1 1 1 1
1 1 1 12.6538 9.03759 7.22976
255 0 1 1 1 1
1 1 1 12.6538 7.22985 9.0375
256 0 1 1 1 1
1 1 1 10.8547 9.03759 9.0375
257 0 1 1 1 1
1 1 1 14.4605 7.22999 7.2299
258 0 1 1 1 1
1 1 1 16.2676 9.03759 7.22987
259 0 1 1 1 1
1 1 1 16.2676 7.22996 9.0375
260 0 1 1 1 1
1 1 1 14.4605 9.03759 9.0375
261 0 1 1 1 1
1 1 1 -0.000305572 10.8452 7.2299
262 0 1 1 1 1
1 1 1 1.81104 12.6497 7.23164
263 0 1 1 1 1
1 1 1 1.80634 10.8453 9.0375
264 0 1 1 1 1
1 1 1 0.00013088 12.6525 9.0375
265 0 1 1 1 1
1 1 1 3.62233 10.8396 7.23549
266 0 1 1 1 1
1 1 1 5.42808 12.6454 7.23549
267 0 1 1 1 1
1 1 1 5.44413 10.8235 9.0375
268 0 1 1 1 1
1 1 1 3.62453 12.6431 9.0375
269 0 1 1 1 1
1 1 1 7.23009 10.8235 7.25154
270 0 1 1 1 1
1 1 1 9.03211 12.6454 7.23549
271 0 1 1 1 1
1 1 1 9.01605 10.8235 9.0375
272 0 1 1 1 1
1 1 1 7.23009 12.6622 9.0375
273 0 1 1 1 1
1 1 1 10.8379 10.8396 7.23549
274 0 1 1 1 1
1 1 1 12.6491 12.6497 7.23164
275 0 1 1 1 1
1 1 1 12.6538 10.8453 9.0375
276 0 1 1 1 1
1 1 1 10.8356 12.6431 9.0375
277 0 1 1 1 1
1 1 1 14.4605 10.8452 7.2299
278 0 1 1 1 1
1 1 1 16.2676 12.6527 7.22993
279 0 1 1 1 1
1 1 1 16.2676 10.8452 9.0375
280 0 1 1 1 1
1 1 1 14.4601 12.6525 9.0375
281 0 1 1 1 1
1 1 1 0.0016468 14.4588 7.23052
282 0 1 1 1 1
1 1 1 1.80889 16.266 7.23052
283 0 1 1 1 1
1 1 1 1.81138 14.4563 9.0375
284 0 1 1 1 1
1 1 1 0.00144154 16.2662 9.0375
285 0 1 1 1 1
1 1 1 3.61797 14.4566 7.23164
286 0 1 1 1 1
1 1 1 5.42249 16.268 7.2299
287 0 1 1 1 1
1 1 1 5.42235 14.4613 9.0375
288 0 1 1 1 1
1 1 1 3.61521 16.2676 9.0375
289 0 1 1 1 1
1 1 1 7.23009 14.4613 7.22976
290 0 1 1 1 1
1 1 1 9.03769 16.268 7.2299
291 0 1 1 1 1
1 1 1 9.03783 14.4613 9.0375
292 0 1 1 1 1
1 1 1 7.23009 16.268 9.0375
293 0 1 1 1 1
1 1 1 10.8422 14.4566 7.23164
294 0 1 1 1 1
1 1 1 12.6513 16.266 7.23052
295 0 1 1 1 1
1 1 1 12.6488 14.4563 9.0375
296 0 1 1 1 1
1 1 1 10.845 16.2676 9.0375
297 0 1 1 1 1
1 1 1 14.4585 14.4588 7.23052
298 0 1 1 1 1
1 1 1 16.2676 16.2669 7.23041
299 0 1 1 1 1
1 1 1 16.2676 14.4599 9.0375
300 0 1 1 1 1
1 1 1 14.4587 16.2662 9.0375
301 0 1 1 1 1
1 1 1 0.000778004 9.01744e-05 10.8446
302 0 1 1 1 1
1 1 1 1.80889 1.80915 10.8445
303 0 1 1 1 1
1 1 1 1.80836 9.02103e-05 12.6519
304 0 1 1 1 1
1 1 1 0.000904277 1.8084 12.6518
305 0 1 1 1 1
1 1 1 3.615 9.05402e-05 10.8451
306 0 1 1 1 1
1 1 1 5.42249 1.80719 10.8451
307 0 1 1 1 1
1 1 1 5.42252 9.05971e-05 12.6526
308 0 1 1 1 1
1 1 1 3.61603 1.80913 12.6516
309 0 1 1 1 1
1 1 1 7.23009 9.08496e-05 10.8451
310 0 1 1 1 1
1 1 1 9.03769 1.80719 10.8451
311 0 1 1 1 1
1 1 1 9.03766 9.0659e-05 12.6526
312 0 1 1 1 1
1 1 1 7.23009 1.80763 12.6524
313 0 1 1 1 1
1 1 1 10.8452 9.06308e-05 10.8451
314 0 1 1 1 1
1 1 1 12.6513 1.80915 10.8445
315 0 1 1 1 1
1 1 1 12.6518 9.03132e-05 12.6519
316 0 1 1 1 1
1 1 1 10.8442 1.80913 12.6516
317 0 1 1 1 1
1 1 1 14.4594 9.02451e-05 10.8446
318 0 1 1 1 1
1 1 1 16.2676 1.80828 10.8446
319 0 1 1 1 1
1 1 1 16.2676 8.99934e-05 12.6519
320 0 1 1 1 1
1 1 1 14.4593 1.8084 12.6518
321 0 1 1 1 1
1 1 1 0.00164637 3.61639 10.8445
322 0 1 1 1 1
1 1 1 1.81104 5.42547 10.8434
323 0 1 1 1 1
1 1 1 1.80971 3.61721 12.651
324 0 1 1 1 1
1 1 1 0.0016291 5.42353 12.6516
325 0 1 1 1 1
1 1 1 3.61797 3.61854 10.8434
326 0 1 1 1 1
1 1 1 5.42807 5.42983 10.8395
327 0 1 1 1 1
1 1 1 5.42423 3.61854 12.6496
328 0 1 1 1 1
1 1 1 3.6191 5.4266 12.6485
329 0 1 1 1 1
1 1 1 7.23009 3.61384 10.8452
330 0 1 1 1 1
1 1 1 9.03211 5.42983 10.8395
331 0 1 1 1 1
1 1 1 9.03595 3.61854 12.6496
332 0 1 1 1 1
1 1 1 7.23009 5.43203 12.6431
333 0 1 1 1 1
1 1 1 10.8422 3.61854 10.8434
334 0 1 1 1 1
1 1 1 12.6491 5.42547 10.8434
335 0 1 1 1 1
1 1 1 12.6505 3.61721 12.651
336 0 1 1 1 1
1 1 1 10.8411 5.4266 12.6485
337 0 1 1 1 1
1 1 1 14.4585 3.61639 10.8445
338 0 1 1 1 1
1 1 1 16.2676 5.4225 10.8451
339 0 1 1 1 1
1 1 1 16.2676 3.61586 12.6519
340 0 1 1 1 1
1 1 1 14.4586 5.42353 12.6516
341 0 1 1 1 1
1 1 1 -0.000305854 7.22999 10.8451
342 0 1 1 1 1
1 1 1 1.80634 9.03759 10.8452
343 0 1 1 1 1
1 1 1 1.81104 7.23173 12.6496
344 0 1 1 1 1
1 1 1 0.000130744 9.03759 12.6524
345 0 1 1 1 1
1 1 1 3.62233 7.23557 10.8395
346 0 1 1 1 1
1 1 1 5.44413 9.03759 10.8235
347 0 1 1 1 1
1 1 1 5.42807 7.23557 12.6453
348 0 1 1 1 1
1 1 1 3.62453 9.03759 12.6431
349 0 1 1 1 1
1 1 1 7.23009 7.25163 10.8235
350 0 1 1 1 1
1 1 1 9.01605 9.03759 10.8235
351 0 1 1 1 1
1 1 1 9.03211 7.23558 12.6453
352 0 1 1 1 1
1 1 1 7.23009 9.03759 12.6621
353 0 1 1 1 1
1 1 1 10.8379 7.23558 10.8395
354 0 1 1 1 1
1 1 1 12.6538 9.03759 10.8452
355 0 1 1 1 1
1 1 1 12.6491 7.23173 12.6496
356 0 1 1 1 1
1 1 1 10.8356 9.03759 12.6431
357 0 1 1 1 1
1 1 1 14.4605 7.22999 10.8451
358 0 1 1 1 1
1 1 1 16.2676 9.03759 10.8451
359 0 1 1 1 1
1 1 1 16.2676 7.23002 12.6526
360 0 1 1 1 1
1 1 1 14.4601 9.03759 12.6524
361 0 1 1 1 1
1 1 1 -0.000305572 10.8452 10.8451
362 0 1 1 1 1
1 1 1 1.81104 12.6497 10.8434
363 0 1 1 1 1
1 1 1 1.81104 10.8434 12.6496
364 0 1 1 1 1
1 1 1 0.00162951 12.6517 12.6516
365 0 1 1 1 1
1 1 1 3.62233 10.8396 10.8395
366 0 1 1 1 1
1 1 1 5.42808 12.6454 10.8395
367 0 1 1 1 1
1 1 1 5.42808 10.8396 12.6453
368 0 1 1 1 1
1 1 1 3.6191 12.6486 12.6485
369 0 1 1 1 1
1 1 1 7.23009 10.8235 10.8235
370 0 1 1 1 1
1 1 1 9.03211 12.6454 10.8395
371 0 1 1 1 1
1 1 1 9.0321 10.8396 12.6453
372 0 1 1 1 1
1 1 1 7.23009 12.6431 12.6431
373 0 1 1 1 1
1 1 1 10.8379 10.8396 10.8395
374 0 1 1 1 1
1 1 1 12.6491 12.6497 10.8434
375 0 1 1 1 1
1 1 1 12.6491 10.8434 12.6496
376 0 1 1 1 1
1 1 1 10.8411 12.6486 12.6485
377 0 1 1 1 1
1 1 1 14.4605 10.8452 10.8451
378 0 1 1 1 1
1 1 1 16.2676 12.6527 10.8451
379 0 1 1 1 1
1 1 1 16.2676 10.8452 12.6526
380 0 1 1 1 1
1 1 1 14.4586 12.6517 12.6516
381 0 1 1 1 1
1 1 1 0.0016468 14.4588 10.8445
382 0 1 1 1 1
1 1 1 1.80889 16.266 10.8445
383 0 1 1 1 1
1 1 1 1.80971 14.458 12.651
384 0 1 1 1 1
1 1 1 0.000904613 16.2668 12.6518
385 0 1 1 1 1
1 1 1 3.61797 14.4566 10.8434
386 0 1 1 1 1
1 1 1 5.42249 16.268 10.8451
387 0 1 1 1 1
1 1 1 5.42423 14.4566 12.6496
388 0 1 1 1 1
1 1 1 3.61603 16.2661 12.6516
389 0 1 1 1 1
1 1 1 7.23009 14.4613 10.8452
390 0 1 1 1 1
1 1 1 9.03769 16.268 10.8451
391 0 1 1 1 1
1 1 1 9.03595 14.4566 12.6496
392 0 1 1 1 1
1 1 1 7.23009 16.2676 12.6524
393 0 1 1 1 1
1 1 1 10.8422 14.4566 10.8434
394 0 1 1 1 1
1 1 1 12.6513 16.266 10.8445
395 0 1 1 1 1
1 1 1 12.6505 14.458 12.651
396 0 1 1 1 1
1 1 1 10.8442 16.2661 12.6516
397 0 1 1 1 1
1 1 1 14.4585 14.4588 10.8445
398 0 1 1 1 1
1 1 1 16.2676 16.2669 10.8446
399 0 1 1 1 1
1 1 1 16.2676 14.4593 12.6519
400 0 1 1 1 1
1 1 1 14.4593 16.2668 12.6518
401 0 1 1 1 1
1 1 1 0.00060537 8.99566e-05 14.4593
402 0 1 1 1 1
1 1 1 1.80855 1.8085 14.459
403 0 1 1 1 1
1 1 1 1.80827 8.99774e-05 16.267
404 0 1 1 1 1
1 1 1 0.000577918 1.80808 16.267
405 0 1 1 1 1
1 1 1 3.61573 9.02539e-05 14.4592
406 0 1 1 1 1
1 1 1 5.42311 1.80915 14.4587
407 0 1 1 1 1
1 1 1 5.423 9.02303e-05 16.2668
408 0 1 1 1 1
1 1 1 3.61582 1.8084 16.2667
409 0 1 1 1 1
1 1 1 7.23009 9.05247e-05 14.4598
410 0 1 1 1 1
1 1 1 9.03707 1.80915 14.4587
411 0 1 1 1 1
1 1 1 9.03718 9.03459e-05 16.2668
412 0 1 1 1 1
1 1 1 7.23009 1.80894 16.2661
413 0 1 1 1 1
1 1 1 10.8444 9.03648e-05 14.4592
414 0 1 1 1 1
1 1 1 12.6516 1.8085 14.459
415 0 1 1 1 1
1 1 1 12.6519 9.00353e-05 16.267
416 0 1 1 1 1
1 1 1 10.8444 1.8084 16.2667
417 0 1 1 1 1
1 1 1 14.4596 8.99957e-05 14.4593
418 0 1 1 1 1
1 1 1 16.2676 1.80811 14.4593
419 0 1 1 1 1
1 1 1 16.2676 8.98268e-05 16.2671
420 0 1 1 1 1
1 1 1 14.4596 1.80808 16.267
421 0 1 1 1 1
1 1 1 0.00100296 3.61605 14.459
422 0 1 1 1 1
1 1 1 1.80971 5.4241 14.4579
423 0 1 1 1 1
1 1 1 1.80855 3.61605 16.2666
424 0 1 1 1 1
1 1 1 0.000904448 5.42332 16.2667
425 0 1 1 1 1
1 1 1 3.6166 3.61721 14.4579
426 0 1 1 1 1
1 1 1 5.42423 5.42547 14.4565
427 0 1 1 1 1
1 1 1 5.42311 3.61639 16.2659
428 0 1 1 1 1
1 1 1 3.61603 5.42353 16.266
429 0 1 1 1 1
1 1 1 7.23009 3.61888 14.4562
430 0 1 1 1 1
1 1 1 9.03595 5.42547 14.4565
431 0 1 1 1 1
1 1 1 9.03707 3.61639 16.2659
432 0 1 1 1 1
1 1 1 7.23009 5.42271 16.2675
433 0 1 1 1 1
1 1 1 10.8436 3.61721 14.4579
434 0 1 1 1 1
1 1 1 12.6505 5.4241 14.4579
435 0 1 1 1 1
1 1 1 12.6516 3.61605 16.2666
436 0 1 1 1 1
1 1 1 10.8442 5.42353 16.266
437 0 1 1 1 1
1 1 1 14.4592 3.61605 14.459
438 0 1 1 1 1
1 1 1 16.2676 5.42323 14.4592
439 0 1 1 1 1
1 1 1 16.2676 3.61577 16.267
440 0 1 1 1 1
1 1 1 14.4593 5.42332 16.2667
441 0 1 1 1 1
1 1 1 0.00164663 7.23061 14.4587
442 0 1 1 1 1
1 1 1 1.81138 9.03759 14.4562
443 0 1 1 1 1
1 1 1 1.80889 7.23061 16.2659
444 0 1 1 1 1
1 1 1 0.00144173 9.03759 16.2661
445 0 1 1 1 1
1 1 1 3.61797 7.23173 14.4565
446 0 1 1 1 1
1 1 1 5.42235 9.03759 14.4613
447 0 1 1 1 1
1 1 1 5.42249 7.22999 16.2679
448 0 1 1 1 1
1 1 1 3.61521 9.03759 16.2675
449 0 1 1 1 1
1 1 1 7.23009 7.22985 14.4613
450 0 1 1 1 1
1 1 1 9.03783 9.03759 14.4613
451 0 1 1 1 1
1 1 1 9.03769 7.22999 16.2679
452 0 1 1 1 1
1 1 1 7.23009 9.03759 16.2679
453 0 1 1 1 1
1 1 1 10.8422 7.23173 14.4565
454 0 1 1 1 1
1 1 1 12.6488 9.03759 14.4562
455 0 1 1 1 1
1 1 1 12.6513 7.23061 16.2659
456 0 1 1 1 1
1 1 1 10.845 9.03759 16.2675
457 0 1 1 1 1
1 1 1 14.4585 7.23061 14.4587
458 0 1 1 1 1
1 1 1 16.2676 9.03759 14.4598
459 0 1 1 1 1
1 1 1 16.2676 7.2305 16.2668
460 0 1 1 1 1
1 1 1 14.4587 9.03759 16.2661
461 0 1 1 1 1
1 1 1 0.00164691 10.8446 14.4587
462 0 1 1 1 1
1 1 1 1.80971 12.6511 14.4579
463 0 1 1 1 1
1 1 1 1.80889 10.8446 16.2659
464 0 1 1 1 1
1 1 1 0.00090487 12.6519 16.2667
465 0 1 1 1 1
1 1 1 3.61797 10.8434 14.4565
466 0 1 1 1 1
1 1 1 5.42423 12.6497 14.4565
467 0 1 1 1 1
1 1 1 5.42249 10.8452 16.2679
468 0 1 1 1 1
1 1 1 3.61603 12.6517 16.266
469 0 1 1 1 1
1 1 1 7.23009 10.8453 14.4613
470 0 1 1 1 1
1 1 1 9.03595 12.6497 14.4565
471 0 1 1 1 1
1 1 1 9.03769 10.8452 16.2679
472 0 1 1 1 1
1 1 1 7.23009 12.6525 16.2675
473 0 1 1 1 1
1 1 1 10.8422 10.8434 14.4565
474 0 1 1 1 1
1 1 1 12.6505 12.6511 14.4579
475 0 1 1 1 1
1 1 1 12.6513 10.8446 16.2659
476 0 1 1 1 1
1 1 1 10.8442 12.6517 16.266
477 0 1 1 1 1
1 1 1 14.4585 10.8446 14.4587
478 0 1 1 1 1
1 1 1 16.2676 12.6519 14.4592
479 0 1 1 1 1
1 1 1 16.2676 10.8447 16.2668
480 0 1 1 1 1
1 1 1 14.4593 12.6519 16.2667
481 0 1 1 1 1
1 1 1 0.00100339 14.4591 14.459
482 0 1 1 1 1
1 1 1 1.80855 16.2667 14.459
483 0 1 1 1 1
1 1 1 1.80855 14.4591 16.2666
484 0 1 1 1 1
1 1 1 0.000578029 16.2671 16.267
485 0 1 1 1 1
1 1 1 3.6166 14.458 14.4579
486 0 1 1 1 1
1 1 1 5.42311 16.266 14.4587
487 0 1 1 1 1
1 1 1 5.42311 14.4588 16.2659
488 0 1 1 1 1
1 1 1 3.61582 16.2668 16.2667
489 0 1 1 1 1
1 1 1 7.23009 14.4563 14.4562
490 0 1 1 1 1
1 1 1 9.03707 16.266 14.4587
491 0 1 1 1 1
1 1 1 9.03707 14.4588 16.2659
492 0 1 1 1 1
1 1 1 7.23009 16.2662 16.2661
493 0 1 1 1 1
1 1 1 10.8436 14.458 14.4579
494 0 1 1 1 1
1 1 1 12.6516 16.2667 14.459
495 0 1 1 1 1
1 1 1 12.6516 14.4591 16.2666
496 0 1 1 1 1
1 1 1 10.8444 16.2668 16.2667
497 0 1 1 1 1
1 1 1 14.4592 14.4591 14.459
498 0 1 1 1 1
1 1 1 16.2676 16.2671 14.4593
499 0 1 1 1 1
1 1 1 16.2676 14.4594 16.267
